7
53
902 291 491 238 82 762 88 875 838 491 861 363 330 179 882 140 550 971 627 116 848 847 685 187 918 223 962 249 137 899 726 38 907 934 993 988 695 798 581 532 288 441 893 617 337 494 474 886 183 100 719 30 665
78
216 582 343 895 829 197 793 273 234 700 206 226 406 618 23 985 868 29 145 760 644 480 971 835 84 153 933 802 182 316 922 115 897 983 9 444 179 520 716 411 937 639 354 342 257 95 45 124 122 906 601 483 386 572 317 468 723 967 987 622 283 909 735 897 891 743 340 69 262 773 198 198 412 269 257 667 362 19
69
201 924 108 401 28 678 435 213 120 402 200 740 402 108 194 298 716 935 636 502 914 409 698 829 538 685 85 204 46 820 710 964 743 535 364 488 931 798 700 50 917 898 507 318 5 699 614 438 352 967 938 265 94 355 93 630 39 894 832 83 714 260 764 175 794 846 662 443 362
19
491 278 976 715 594 698 133 925 135 483 610 72 466 703 425 557 332 462 451
32
263 882 141 744 56 652 589 435 94 949 513 302 226 488 735 537 185 866 180 318 67 789 108 531 491 531 806 821 711 974 421 691
48
280 434 628 930 23 63 742 970 293 761 914 780 495 169 963 79 348 999 863 854 106 393 344 354 198 882 64 889 303 472 743 300 905 90 229 926 869 688 614 161 449 246 939 661 414 621 458 479
31
320 332 161 711 393 513 627 274 295 515 294 765 976 592 669 783 539 313 651 944 645 529 392 889 468 771 302 806 228 779 861
