10
28
674 544 243 961 812 800 180 635 199 187 173 367 908 147 827 353 108 498 263 503 712 618 761 983 898 457 515 447
55
953 313 423 496 555 102 26 354 998 378 270 184 550 355 810 414 899 880 520 115 142 741 826 758 220 527 656 676 760 820 144 712 133 565 925 405 384 668 476 382 45 744 283 593 816 92 724 714 971 962 828 112 421 372 588
78
897 243 33 656 780 175 86 911 457 10 315 840 676 789 939 439 252 221 749 785 31 473 499 1000 153 45 829 572 415 416 928 311 657 960 966 437 852 51 66 309 778 99 866 172 605 523 609 574 742 77 359 490 548 856 489 418 618 318 988 750 732 634 60 108 312 743 262 164 512 45 190 8 142 773 896 746 295 224
46
754 299 676 244 845 250 450 262 585 766 967 334 217 600 112 42 911 572 302 792 83 345 699 807 205 471 703 668 483 925 985 954 223 380 197 785 347 646 764 650 130 730 982 64 48 811
85
676 383 123 186 183 186 883 989 389 72 691 774 553 334 477 507 274 855 421 58 920 784 820 288 632 268 987 694 33 798 516 427 180 356 611 80 540 213 68 646 283 476 419 554 808 895 778 799 468 198 855 106 700 393 111 331 378 98 742 129 894 975 554 791 331 882 869 588 812 655 952 813 848 89 366 375 701 143 173 887 58 28 710 756 138
9
804 515 635 265 642 528 239 913 37
85
794 623 593 325 995 544 137 843 350 501 217 769 361 388 655 136 133 83 610 270 901 132 783 535 395 143 780 352 55 534 637 566 875 229 889 869 490 743 711 558 243 645 326 321 33 698 175 164 779 783 432 399 913 932 932 27 792 431 377 564 682 13 130 556 959 736 144 167 479 572 723 439 217 766 478 966 463 651 129 242 152 279 639 782 928
97
807 720 437 183 283 119 913 130 673 871 584 534 755 62 106 197 218 321 961 413 286 424 63 132 383 931 128 739 713 56 27 519 493 463 420 493 580 332 622 970 920 205 223 674 983 327 869 918 646 549 331 649 971 111 498 72 760 625 809 472 398 834 708 889 15 127 381 312 176 720 1000 95 642 222 487 343 547 355 979 910 902 28 558 591 137 55 661 614 397 469 85 793 22 511 400 35 636
78
65 530 218 64 623 578 284 109 638 548 182 616 457 83 642 732 392 497 504 770 110 900 239 912 411 977 141 810 729 494 308 792 23 243 573 645 538 855 471 176 402 651 509 576 452 151 307 842 365 529 611 192 428 567 821 556 262 960 365 990 454 671 500 194 632 73 837 169 926 27 343 47 676 851 340 127 719 646
47
83 174 16 991 319 300 812 873 561 490 956 269 661 345 767 854 975 838 409 144 483 434 204 247 110 54 585 953 490 948 358 290 839 372 281 875 389 810 467 948 18 422 934 678 765 701 250
