10
65
815 401 634 463 618 536 39 557 19 490 733 623 176 676 553 292 100 314 737 402 883 556 281 860 140 794 166 727 332 395 852 146 794 204 607 130 457 364 685 474 852 418 97 27 93 367 36 191 679 491 591 561 46 590 139 184 383 22 628 713 415 198 857 926 400
95
55 575 544 738 766 114 155 580 857 246 945 892 155 623 101 463 901 145 52 757 47 152 777 392 863 909 308 438 834 425 338 887 998 880 344 764 712 497 62 568 461 7 178 614 628 277 76 248 140 127 4 903 277 499 13 858 126 319 14 678 743 350 283 459 948 625 940 378 122 2 944 581 7 840 912 352 834 986 317 691 830 39 593 825 536 324 401 379 641 132 56 102 481 338 279
40
961 218 523 800 936 185 380 660 24 10 12 576 714 327 266 262 83 858 86 617 899 204 714 258 335 768 359 533 105 355 397 784 290 918 583 226 820 681 884 562
49
613 137 402 658 401 663 739 976 466 75 874 669 787 132 721 554 208 253 377 280 648 160 568 284 460 792 821 140 395 382 547 725 517 947 382 917 328 121 892 793 912 485 180 698 615 618 969 540 588
31
818 953 940 385 236 400 895 774 257 8 156 802 731 671 468 831 306 513 669 916 24 580 400 920 995 732 537 963 271 124 745
18
76 684 908 29 801 802 802 58 527 956 577 258 345 762 88 650 275 755
38
297 53 682 217 47 413 752 727 401 594 471 924 668 873 831 696 673 633 216 448 877 171 25 852 233 785 938 881 59 411 164 74 181 563 289 226 693 758
75
93 351 141 16 19 731 846 432 404 197 646 850 791 534 592 643 484 377 299 84 153 709 246 225 607 527 231 832 219 988 221 311 57 79 44 74 809 607 223 212 521 586 779 312 837 90 953 321 465 251 403 335 677 366 278 284 891 507 833 110 213 53 138 269 130 898 60 656 505 1000 585 743 585 364 54
87
452 724 460 634 693 861 686 369 226 962 370 835 188 202 943 118 971 798 104 101 695 881 755 917 880 340 660 183 421 431 322 590 873 780 941 565 359 626 932 303 307 302 137 212 221 797 328 192 594 431 10 7 30 482 923 908 539 301 808 677 449 130 266 321 627 924 603 704 550 535 6 855 554 859 784 492 374 111 682 966 259 409 690 287 890 331 912
57
630 720 823 797 567 806 835 911 730 438 614 997 690 337 570 243 913 353 733 286 462 134 969 439 541 659 443 149 988 355 14 337 792 554 851 77 78 685 986 806 122 319 521 810 654 90 770 567 160 222 851 340 354 539 777 612 197
