10
50
21 693 220 251 319 212 544 552 504 28 246 814 414 28 71 445 396 14 89 923 124 976 109 893 996 632 838 493 492 102 321 511 793 539 480 830 468 741 100 690 767 344 503 899 89 291 343 202 303 149
43
425 124 232 317 119 581 872 611 73 691 649 301 484 905 779 32 373 520 130 62 5 191 282 902 996 571 962 197 872 110 38 297 951 268 331 69 567 921 397 638 611 45 937
5
949 435 842 40 953
9
100 675 878 380 577 873 668 257 787
38
366 824 553 316 809 602 102 375 522 498 730 850 260 386 662 926 819 503 964 490 192 63 164 69 160 458 660 545 714 165 802 797 987 73 830 515 673 930
25
912 146 618 762 124 3 423 49 539 643 731 28 833 792 908 620 670 366 279 932 797 442 733 593 148
19
422 661 196 70 267 108 933 602 587 774 322 727 821 859 369 551 604 920 62
31
539 449 595 535 99 391 694 831 982 840 635 122 219 548 908 485 654 559 86 958 332 126 403 871 983 771 140 306 409 918 816
4
366 410 199 464
81
610 13 499 169 365 338 386 911 245 588 284 803 392 241 852 516 643 722 498 132 861 802 258 778 336 921 862 463 837 44 261 446 55 477 613 137 813 717 47 776 304 329 297 694 288 148 209 648 588 425 497 167 226 753 662 280 673 242 741 228 284 720 672 56 914 4 909 727 719 955 221 22 2 516 434 7 381 641 653 686 783
