6
43
672 606 999 407 625 984 594 899 247 154 588 327 512 263 736 383 228 303 29 661 816 795 172 776 110 394 370 570 541 293 984 212 616 983 336 240 685 928 139 930 800 725 256
46
986 990 692 931 12 720 310 545 514 199 320 622 592 408 191 850 418 893 61 33 594 396 272 278 42 128 207 840 851 180 869 555 888 279 204 898 997 513 161 229 429 480 568 738 605 477
60
22 369 366 771 680 479 760 956 519 886 880 78 736 59 664 9 945 941 930 561 938 161 721 884 588 918 452 326 241 646 911 261 732 276 749 411 753 509 366 990 394 245 785 848 21 448 855 684 388 784 244 44 662 682 927 250 318 97 574 557
50
203 535 472 197 284 881 667 510 964 375 902 208 159 468 227 605 323 909 711 824 871 753 486 271 398 453 307 493 744 862 951 664 116 141 859 398 21 245 625 702 337 526 908 495 993 853 817 34 480 527
64
69 280 778 58 676 230 363 887 972 224 837 636 338 977 213 453 715 175 77 417 511 321 43 723 32 613 539 782 811 66 356 878 63 134 934 456 81 296 61 771 238 897 125 293 592 336 464 25 229 258 159 738 577 201 460 326 531 716 107 341 780 462 219 560
86
870 16 111 884 75 880 121 689 4 131 998 58 593 741 285 850 898 740 145 816 917 470 347 632 575 405 131 754 341 689 784 211 422 894 812 215 492 931 621 214 779 338 270 372 78 272 221 693 729 83 509 645 551 573 276 844 976 405 597 36 812 100 245 233 711 774 165 202 704 785 133 201 122 120 571 916 390 509 608 118 591 834 480 859 406 474
