10
30
713 421 600 879 539 263 844 473 580 44 54 185 497 338 934 683 690 681 658 15 24 427 88 176 726 606 710 319 709 302
100
421 721 659 18 977 639 860 449 936 903 220 120 118 556 771 519 245 171 894 977 193 39 64 86 764 387 514 800 813 814 859 951 253 237 967 947 593 546 114 529 167 332 366 2 886 137 519 848 306 412 824 216 450 605 19 931 709 531 449 521 63 308 190 314 262 157 978 853 420 91 100 585 421 184 585 25 319 822 591 342 233 133 556 400 737 573 49 164 822 497 403 883 522 591 915 782 465 892 353 883
75
171 186 402 353 489 145 389 310 734 448 260 865 3 659 320 293 425 483 832 920 884 715 160 193 348 940 376 239 12 976 220 899 162 340 251 649 202 357 957 934 803 934 517 523 311 836 533 735 318 365 373 919 797 532 829 144 471 204 381 200 180 319 98 59 376 66 706 576 140 381 509 941 314 25 182
35
578 714 77 613 78 448 531 592 978 79 734 168 281 114 85 178 150 182 235 524 964 658 817 104 38 44 762 70 786 943 411 363 375 486 975
49
651 224 760 348 301 493 514 300 324 316 195 192 496 429 714 179 804 250 281 560 292 760 628 77 421 756 158 794 959 132 962 328 73 440 674 92 931 905 390 973 221 302 164 434 448 595 611 252 843
55
810 853 88 156 928 507 629 85 301 587 933 980 632 6 420 306 96 69 210 203 759 148 503 921 581 669 235 909 919 795 518 447 647 604 320 575 828 947 377 128 252 310 826 882 314 963 187 127 749 115 328 508 261 548 428
91
216 380 468 134 175 703 298 820 25 616 394 851 562 489 697 531 797 522 413 828 203 317 953 950 149 280 457 409 545 603 966 760 981 433 611 155 135 908 693 158 523 804 9 803 292 704 52 88 943 182 633 145 498 585 94 364 582 269 771 127 870 737 885 850 887 495 723 740 402 134 896 643 936 622 164 228 44 214 33 985 395 665 847 610 967 659 972 549 926 462 674
54
916 558 363 802 770 803 541 890 935 156 532 871 776 413 816 819 344 566 522 456 230 88 65 915 745 755 463 670 934 136 183 849 411 544 369 180 347 628 69 999 501 318 869 276 448 403 812 791 968 53 246 915 139 29
56
601 501 291 988 434 144 170 1000 553 431 87 451 495 713 237 494 213 273 81 207 719 483 736 228 169 506 473 801 362 219 630 961 718 638 948 869 500 835 868 52 266 953 220 759 385 175 970 315 446 51 239 882 251 974 110 137
39
300 936 559 517 565 519 952 921 186 820 420 20 687 189 3 358 408 480 741 300 168 774 744 217 12 344 185 703 171 320 900 469 256 458 703 538 694 654 177
