8
97
609 469 136 659 994 979 992 220 102 873 121 958 101 453 189 824 152 844 515 337 327 204 211 655 666 254 245 945 978 608 651 586 76 785 962 69 483 953 6 302 544 843 977 644 295 165 467 446 9 699 500 334 620 709 706 286 680 950 948 657 557 598 960 350 101 922 417 301 593 140 602 137 981 578 779 994 742 963 158 749 662 375 800 999 801 505 284 480 173 949 136 447 265 95 795 365 734
62
664 327 68 983 462 767 561 240 479 21 920 354 487 300 727 286 299 527 789 300 6 680 249 140 126 512 951 920 594 404 848 976 729 634 958 190 400 237 147 596 974 66 948 460 365 674 744 381 200 252 679 204 930 645 61 773 875 729 692 468 132 259
89
578 891 120 766 9 74 630 603 48 414 269 506 496 941 250 875 858 219 272 779 148 635 557 638 509 285 330 694 135 306 137 711 196 973 196 921 46 543 242 92 955 509 597 450 449 564 43 306 781 33 802 646 666 358 283 892 641 330 585 493 634 439 922 547 411 117 467 456 658 707 265 332 215 579 499 381 142 541 404 640 291 205 285 955 561 286 565 920 614
81
412 966 587 333 512 996 167 697 170 824 403 434 873 336 730 371 715 871 910 119 510 918 41 513 872 601 516 155 520 847 303 649 812 888 981 43 602 865 738 490 407 858 641 279 193 370 649 626 240 277 462 468 195 501 698 784 819 213 938 57 59 240 705 589 845 404 630 165 268 86 653 674 942 293 670 853 662 318 197 619 594
46
86 506 594 782 289 413 712 944 187 489 183 890 77 745 12 424 909 997 508 561 389 168 853 58 20 233 375 933 850 686 308 654 191 901 154 197 32 865 141 217 353 41 825 147 785 554
81
412 550 76 971 656 242 542 713 979 773 805 911 342 209 937 994 117 837 147 312 586 729 170 520 81 210 63 944 712 335 512 123 883 586 93 258 546 353 969 524 843 492 153 184 699 89 177 814 924 42 843 228 769 13 466 568 221 527 511 650 860 741 771 462 326 581 718 589 932 405 112 494 614 264 676 312 351 571 843 993 330
94
938 98 415 403 383 353 648 612 2 226 352 771 405 395 71 840 983 720 244 812 213 575 793 607 885 862 177 446 573 224 131 510 320 263 631 421 615 996 32 615 221 101 105 344 494 892 183 195 611 145 7 823 718 517 148 322 378 42 766 668 264 614 178 301 876 526 720 490 521 469 822 459 287 644 801 780 535 702 692 146 845 416 686 562 932 551 601 28 591 367 695 853 979 590
67
573 115 591 62 353 777 602 810 64 245 330 561 498 31 252 361 593 667 46 872 317 595 473 343 903 838 755 755 535 344 625 108 176 933 886 246 429 487 56 491 450 103 51 665 850 20 25 442 685 69 313 719 381 784 62 283 340 815 755 874 877 98 699 770 749 584 16
