8
14
727 619 232 6 10 472 745 236 474 183 626 247 97 628
89
541 65 110 760 803 828 993 236 834 92 595 205 777 377 72 346 103 689 576 107 417 766 570 651 239 751 994 484 565 340 638 105 403 465 863 206 293 574 159 844 665 471 48 441 847 118 504 667 525 798 492 940 563 779 309 800 248 303 2 812 641 639 915 762 821 497 685 113 70 842 955 733 313 721 891 877 837 395 543 361 192 752 300 753 530 327 271 777 628
98
588 986 627 221 747 448 716 431 278 785 273 951 236 303 671 127 897 226 239 439 305 429 909 322 899 438 647 887 214 274 157 519 260 502 739 724 948 454 155 943 956 145 893 192 446 282 317 342 226 554 498 529 700 406 849 598 562 496 484 774 487 358 293 464 858 749 188 524 202 341 186 158 484 796 348 647 78 382 987 302 653 203 548 352 327 396 667 887 890 868 379 96 225 670 558 801 418 744
77
338 84 227 213 285 741 559 930 817 658 916 836 310 837 383 379 163 496 45 767 105 911 145 199 853 814 755 372 949 218 133 5 300 77 216 584 816 492 232 351 149 866 904 176 702 286 553 582 500 596 348 603 225 491 800 796 23 273 885 690 489 17 693 507 93 908 808 626 118 39 976 266 903 879 159 323 883
55
903 382 25 250 702 967 459 220 481 480 491 365 169 698 100 580 922 909 206 729 534 322 485 228 305 388 107 182 428 707 891 331 806 633 298 507 599 474 725 797 953 933 162 839 630 978 137 551 886 60 997 138 381 482 365
93
587 189 583 14 894 192 62 699 824 78 205 141 550 647 937 221 579 816 60 927 793 913 196 397 972 911 533 71 392 615 472 696 802 773 708 695 963 769 112 505 845 34 645 113 679 300 333 976 115 110 621 906 22 534 302 711 444 552 780 553 167 970 248 967 742 674 381 423 161 491 646 723 524 9 834 920 307 166 895 420 274 234 44 14 767 63 723 928 613 503 200 778 472
26
464 931 837 843 72 996 52 716 437 574 723 271 213 29 435 825 166 427 59 208 158 543 269 879 189 600
28
106 377 570 270 558 219 824 400 290 539 451 723 974 742 446 244 672 192 397 497 357 541 273 563 697 533 550 575
