7
55
190 330 998 234 619 975 187 614 228 278 952 2 870 350 784 189 11 198 793 429 526 270 995 616 869 362 87 828 625 585 390 813 913 107 764 250 799 669 862 27 945 532 27 814 600 528 720 609 725 232 756 968 219 750 583
98
829 388 632 454 690 740 984 321 564 467 569 362 853 149 387 516 399 132 329 716 658 766 324 101 996 79 787 932 547 88 19 375 474 368 546 881 107 249 201 669 433 487 31 285 354 135 799 751 265 845 466 641 610 507 459 325 304 963 256 568 51 991 660 242 359 206 123 464 172 41 851 603 527 599 605 598 732 403 67 715 965 250 74 293 474 250 335 495 213 590 62 262 299 721 221 375 644 342
89
814 101 407 135 345 5 738 941 454 858 7 168 822 973 958 114 446 208 167 940 419 755 1000 398 771 439 617 146 82 677 701 894 776 825 746 120 828 483 778 281 340 502 167 879 474 124 711 637 330 876 576 466 349 295 862 119 732 198 981 532 873 681 425 648 505 171 485 51 371 262 50 429 762 215 307 953 56 17 589 104 610 165 568 957 177 149 794 626 345
29
157 217 455 300 582 677 188 66 446 557 45 494 984 524 426 10 476 480 743 64 301 353 945 587 28 839 734 820 465
20
594 620 730 766 918 311 161 823 94 605 380 137 98 82 659 241 808 852 720 270
65
738 621 578 324 366 416 775 186 879 289 497 218 18 262 853 46 421 676 856 744 773 710 840 572 87 81 380 937 518 648 570 973 986 865 297 70 280 789 254 877 78 749 812 812 728 664 576 867 58 150 610 829 859 168 120 663 247 217 600 482 582 887 455 286 751
13
354 748 975 607 624 770 74 154 582 520 817 875 386
